%YAML:1.0
    outA: !!opencv-matrix
        rows: 3
        cols: 3
        dt: f
        data: [ 492.307710, 0.000000, 160.000000, 
            0.000000, 492.307710, 160.000000, 0.000000, 
            0.000000, 1.000000]
    ref_XY: !!opencv-matrix
        rows: 68
        cols: 2
        dt: f
        data: [ 90.000000, 133.000000, 93.000000, 
            151.000000, 96.000000, 169.000000, 101.000000, 
            187.000000, 109.000000, 202.000000, 120.000000, 
            216.000000, 133.000000, 226.000000, 148.000000, 
            236.000000, 163.000000, 238.000000, 178.000000, 
            236.000000, 192.000000, 226.000000, 204.000000, 
            213.000000, 212.000000, 198.000000, 216.000000, 
            181.000000, 218.000000, 165.000000, 219.000000, 
            147.000000, 220.000000, 130.000000, 106.000000, 
            120.000000, 115.000000, 114.000000, 127.000000, 
            111.000000, 139.000000, 112.000000, 150.000000, 
            116.000000, 169.000000, 115.000000, 180.000000, 
            111.000000, 192.000000, 109.000000, 203.000000, 
            112.000000, 211.000000, 119.000000, 160.000000, 
            128.000000, 160.000000, 140.000000, 160.000000, 
            152.000000, 161.000000, 165.000000, 148.000000, 
            173.000000, 154.000000, 175.000000, 160.000000, 
            177.000000, 166.000000, 176.000000, 172.000000, 
            174.000000, 122.000000, 130.000000, 129.000000, 
            127.000000, 136.000000, 127.000000, 142.000000, 
            130.000000, 136.000000, 132.000000, 129.000000, 
            132.000000, 176.000000, 131.000000, 183.000000, 
            128.000000, 191.000000, 128.000000, 197.000000, 
            131.000000, 191.000000, 133.000000, 184.000000, 
            133.000000, 137.000000, 196.000000, 146.000000, 
            192.000000, 154.000000, 189.000000, 160.000000, 
            191.000000, 167.000000, 190.000000, 175.000000, 
            194.000000, 183.000000, 199.000000, 175.000000, 
            205.000000, 167.000000, 207.000000, 161.000000, 
            206.000000, 154.000000, 205.000000, 146.000000, 
            202.000000, 141.000000, 197.000000, 154.000000, 
            196.000000, 160.000000, 197.000000, 167.000000, 
            197.000000, 179.000000, 199.000000, 167.000000, 
            197.000000, 161.000000, 197.000000, 154.000000, 
            196.000000]
    render_width: !!opencv-matrix
        rows: 1
        cols: 1
        dt: f
        data: [ 320.000000]
    render_height: !!opencv-matrix
        rows: 1
        cols: 1
        dt: f
        data: [ 320.000000]
    sizeU: !!opencv-matrix
        rows: 1
        cols: 2
        dt: f
        data: [ 320.000000, 320.000000]
    indbad: !!opencv-matrix
        rows: 0
        cols: 1
        dt: f
        data: [ ]
    threedee: !!opencv-matrix
        rows: 68
        cols: 3
        dt: f
        data: [ -89.289000, 5.429192, 48.075352, 
            -84.689690, -1.176255, 25.685688, -79.835228, 
            -10.107858, 3.779584, -75.736888, 5.032162, 
            -18.663769, -65.846736, 4.941701, -37.201999, 
            -50.501831, -14.516512, -52.453442, -33.635815, 
            -37.239788, -61.432976, -16.116577, -46.404713, 
            -71.554909, 0.646649, -104.190247, -64.783287, 
            16.038338, -99.720100, -63.432640, 34.464092, 
            -34.971653, -61.732441, 45.668762, -65.567963, 
            -43.467216, 54.760639, -62.308193, -27.298109, 
            59.831089, -56.339001, -8.825397, 62.899662, 
            -49.062061, 8.923794, 63.714077, -51.722111, 
            29.148567, 65.415848, -46.887695, 48.533745, 
            -61.234806, -68.568588, 58.050312, -48.956577, 
            -95.159843, 62.040745, -35.841232, -105.373337, 
            64.105934, -23.441528, -110.714401, 62.560913, 
            -12.404515, -111.105820, 58.514854, 6.639724, 
            -110.458313, 59.577133, 17.684381, -110.181877, 
            63.617565, 29.952850, -106.614212, 66.001701, 
            41.817822, -97.880531, 63.838284, 51.688713, 
            -81.715279, 58.016911, -2.384877, -112.037384, 
            46.431114, -2.367082, -120.798111, 34.058826, 
            -2.353558, -127.456154, 22.152065, -1.384995, 
            -137.111328, 9.639194, -14.370559, -112.526154, 
            1.448323, -8.297774, -118.113640, -0.390562, 
            -2.368968, -119.869431, -2.308579, 3.557096, 
            -117.681358, -1.391273, 9.510322, -116.664627, 
            0.558715, -42.209641, -88.946487, 45.885357, 
            -34.711105, -91.577744, 48.843990, -27.443724, 
            -91.130646, 48.874870, -21.269524, -89.060509, 
            45.878178, -27.246695, -95.010605, 43.434570, 
            -34.518806, -94.536240, 43.462513, 14.215502, 
            -92.270889, 44.635990, 21.464949, -92.959770, 
            47.709911, 29.758741, -93.210464, 47.693108, 
            36.196487, -90.352371, 44.752899, 29.635912, 
            -95.226151, 42.387844, 22.422724, -94.690506, 
            42.418308, -25.800417, -103.457985, -22.170828, 
            -16.342062, -113.388519, -17.476276, -8.295933, 
            -118.243179, -14.208755, -2.370211, -119.257637, 
            -16.121489, 4.538956, -118.219437, -15.197430, 
            12.563362, -113.795494, -19.443272, 20.926998, 
            -104.997810, -25.103899, 12.526394, -115.095474, 
            -30.286510, 4.566602, -115.951042, -32.193909, 
            -1.384995, -116.144875, -31.184259, -8.332956, 
            -115.639282, -30.237907, -16.409176, -111.185806, 
            -27.631100, -21.679827, -104.722076, -23.095699, 
            -8.360017, -113.736145, -21.440115, -2.380730, 
            -114.078880, -22.411484, 4.592739, -113.806480, 
            -22.431402, 16.720615, -109.090973, -24.787958, 
            4.592739, -113.806480, -22.431402, -1.384995, 
            -113.885597, -22.425617, -8.360017, -113.736145, 
            -21.440115]
